k: 26
s: 0.226882
7 12 35 36 218 253 254 267 268 287 293 311 312 321 322 
8 70 75 76 133 134 139 173 174 195 196 200 242 260 
6 45 99 185 194 206 221 234 245 246 266 
9 15 16 20 21 22 24 33 34 46 110 114 144 157 158 209 210 229 230 263 264 298 300 
179 180 
10 65 145 308 
102 106 294 307 
50 105 116 146 147 153 154 186 204 212 237 238 271 272 
79 213 214 290 
17 18 94 100 109 119 120 141 150 159 160 165 166 167 168 175 176 219 228 280 306 
31 32 47 63 64 69 71 72 74 87 88 93 107 155 189 190 192 208 240 257 258 273 274 313 314 
13 19 49 92 197 224 233 270 283 284 
51 52 60 121 137 138 191 215 216 225 226 227 232 241 243 244 249 250 
86 127 143 281 
11 108 156 177 178 198 205 217 
203 
56 140 142 193 255 256 269 291 292 
14 27 28 29 30 37 38 81 83 84 101 103 104 123 124 129 130 169 170 181 182 309 310 
73 97 98 112 161 207 222 231 288 
43 44 54 55 58 125 126 128 317 318 
3 4 23 39 40 66 85 91 95 96 113 115 131 149 151 152 162 163 164 211 235 236 282 295 296 303 304 315 316 323 324 325 326 
286 
1 2 25 26 48 53 57 59 61 62 67 148 301 302 
201 202 275 276 277 278 285 289 
5 77 78 80 82 111 117 118 184 199 239 247 248 251 252 259 261 262 265 279 299 305 319 320 
41 42 68 89 90 122 132 135 136 171 172 183 187 188 220 223 297 
